RELATORIO - COMPETENCIA 06/2025
Links na pagina: 931
IDs extraidos: 931
Ja existiam: 737
Salvos OK: 194
Sem nome: 0
Sem contar: 0
Erros: 0
Total no banco: 931


TODOS OS IDS ENCONTRADOS (931):
  342054
  342054
  342320
  342320
  342879
  343372
  343664
  343832
  343832
  343895
  344263
  344758
  344758
  345028
  345131
  345158
  345233
  345326
  345490
  345490
  345631
  345631
  346860
  346860
  346897
  346897
  347054
  347054
  347137
  347137
  347716
  347769
  347769
  347848
  347848
  347874
  347874
  348111
  348202
  348202
  348227
  348568
  348795
  348795
  348864
  348943
  348943
  349053
  349053
  349304
  349426
  349565
  349565
  349806
  349806
  349858
  349858
  349895
  349895
  350051
  350051
  350578
  350578
  351061
  351061
  351866
  351866
  351869
  351869
  351987
  351987
  352217
  352217
  352518
  353067
  353309
  353309
  353661
  353670
  353758
  353772
  353791
  353791
  354131
  354236
  354327
  354327
  354442
  354852
  354866
  355057
  355072
  355127
  355175
  355302
  355518
  355991
  356273
  356273
  356464
  356611
  356883
  356895
  357157
  357307
  357330
  357349
  357380
  357445
  357459
  357660
  358152
  358351
  358443
  358487
  358580
  358764
  358764
  358774
  358891
  358897
  358963
  358985
  358991
  358993
  359078
  359230
  359252
  359252
  359358
  359374
  359518
  359704
  359809
  359827
  359847
  360124
  360193
  360242
  360252
  360325
  360488
  360496
  360498
  360498
  360500
  360622
  360657
  360801
  360890
  360914
  360949
  361006
  361008
  361013
  361027
  361033
  361059
  361091
  361149
  361190
  361257
  361313
  361317
  361356
  361379
  361443
  361453
  361518
  361666
  361690
  361696
  361712
  361744
  361784
  361802
  361937
  361953
  361967
  361983
  361995
  362001
  362017
  362040
  362060
  362074
  362084
  362100
  362164
  362167
  362168
  362172
  362174
  362190
  362204
  362208
  362230
  362244
  362253
  362267
  362278
  362304
  362310
  362318
  362326
  362330
  362348
  362358
  362362
  362371
  362382
  362391
  362399
  362405
  362433
  362441
  362445
  362450
  362478
  362488
  362489
  362494
  362530
  362550
  362566
  362574
  362576
  362581
  362596
  362624
  362636
  362647
  362676
  362690
  362704
  362707
  362734
  362744
  362747
  362753
  362757
  362761
  362763
  362771
  362792
  362796
  362803
  362807
  362817
  362821
  362833
  362920
  362922
  362926
  362940
  362956
  362967
  362975
  362983
  362988
  363004
  363006
  363012
  363018
  363022
  363036
  363056
  363109
  363121
  363123
  363129
  363138
  363150
  363157
  363163
  363167
  363183
  363185
  363187
  363189
  363205
  363209
  363241
  363243
  363260
  363264
  363270
  363275
  363295
  363299
  363333
  363339
  363363
  363375
  363394
  363402
  363410
  363412
  363426
  363443
  363451
  363453
  363476
  363492
  363514
  363520
  363541
  363557
  363570
  363590
  363592
  363596
  363598
  363604
  363610
  363614
  363616
  363616
  363642
  363644
  363670
  363676
  363682
  363726
  363728
  363742
  363750
  363777
  363782
  363807
  363813
  363823
  363824
  363827
  363831
  363845
  363855
  363865
  363871
  363885
  363917
  363930
  363939
  363941
  363945
  363955
  363959
  363968
  363974
  363980
  363999
  364027
  364027
  364035
  364042
  364050
  364056
  364058
  364070
  364084
  364102
  364106
  364162
  364167
  364173
  364187
  364189
  364198
  364202
  364208
  364216
  364218
  364220
  364226
  364232
  364234
  364245
  364253
  364255
  364259
  364277
  364281
  364285
  364289
  364291
  364295
  364305
  364314
  364320
  364322
  364342
  364343
  364350
  364352
  364354
  364358
  364381
  364392
  364440
  364443
  364453
  364459
  364494
  364524
  364529
  364549
  364551
  364562
  364569
  364573
  364579
  364581
  364585
  364631
  364641
  364647
  364674
  364681
  364685
  364717
  364730
  364735
  364739
  364744
  364775
  364780
  364785
  364791
  364795
  364798
  364811
  364829
  364831
  364837
  364850
  364858
  364889
  364891
  364899
  364919
  364930
  364951
  364955
  364978
  364987
  365033
  365037
  365039
  365065
  365071
  365082
  365100
  365101
  365106
  365115
  365123
  365125
  365127
  365137
  365157
  365163
  365165
  365170
  365209
  365216
  365231
  365235
  365245
  365274
  365285
  365294
  365302
  365308
  365310
  365322
  365331
  365333
  365355
  365366
  365368
  365385
  365399
  365409
  365415
  365417
  365421
  365443
  365445
  365449
  365455
  365484
  365498
  365502
  365506
  365520
  365526
  365544
  365548
  365552
  365567
  365571
  365615
  365621
  365638
  365640
  365675
  365687
  365700
  365711
  365713
  365715
  365719
  365728
  365741
  365753
  365755
  365757
  365763
  365765
  365767
  365769
  365778
  365784
  365797
  365803
  365829
  365842
  365854
  365882
  365906
  365914
  365949
  365972
  365974
  365987
  365994
  366013
  366044
  366046
  366050
  366054
  366057
  366067
  366127
  366135
  366137
  366166
  366180
  366189
  366214
  366218
  366245
  366251
  366256
  366285
  366287
  366293
  366303
  366307
  366358
  366370
  366372
  366374
  366383
  366401
  366408
  366419
  366452
  366454
  366461
  366463
  366470
  366479
  366489
  366496
  366508
  366510
  366547
  366589
  366593
  366602
  366612
  366628
  366630
  366640
  366644
  366646
  366654
  366668
  366672
  366686
  366693
  366699
  366707
  366712
  366723
  366751
  366757
  366770
  366798
  366855
  366861
  366870
  366884
  366891
  366903
  366905
  366921
  366936
  366947
  366955
  366957
  366981
  366993
  366995
  367005
  367019
  367022
  367034
  367050
  367060
  367070
  367074
  367093
  367108
  367132
  367136
  367142
  367148
  367154
  367156
  367169
  367183
  367218
  367256
  367264
  367266
  367278
  367284
  367286
  367296
  367300
  367304
  367315
  367323
  367335
  367339
  367346
  367348
  367352
  367354
  367360
  367365
  367369
  367373
  367381
  367391
  367402
  367412
  367419
  367480
  367482
  367508
  367516
  367529
  367540
  367547
  367549
  367564
  367587
  367599
  367600
  367620
  367630
  367635
  367653
  367661
  367685
  367708
  367729
  367731
  367733
  367733
  367735
  367749
  367759
  367767
  367778
  367784
  367785
  367790
  367792
  367800
  367804
  367806
  367842
  367848
  367880
  367882
  367911
  367922
  367926
  367933
  367935
  367944
  367964
  367968
  367972
  367976
  367980
  367994
  367996
  368002
  368020
  368036
  368042
  368046
  368066
  368072
  368078
  368088
  368092
  368099
  368102
  368110
  368117
  368121
  368156
  368167
  368169
  368171
  368187
  368191
  368205
  368220
  368228
  368230
  368236
  368240
  368242
  368261
  368264
  368272
  368276
  368280
  368290
  368311
  368323
  368341
  368384
  368386
  368388
  368394
  368398
  368412
  368416
  368422
  368426
  368438
  368442
  368455
  368467
  368478
  368484
  368488
  368519
  368526
  368554
  368563
  368591
  368601
  368613
  368622
  368632
  368634
  368638
  368640
  368644
  368661
  368675
  368677
  368681
  368690
  368735
  368744
  368748
  368762
  368775
  368784
  368801
  368817
  368822
  368823
  368849
  368856
  368860
  368861
  368889
  368901
  368903
  368905
  368916
  368918
  368950
  368965
  368969
  368970
  369011
  369028
  369068
  369087
  369129
  369140
  369157
  369163
  369167
  369184
  369188
  369213
  369225
  369240
  369258
  369294
  369302
  369306
  369323
  369327
  369347
  369351
  369355
  369369
  369371
  369387
  369407
  369439
  369456
  369476
  369488
  369503
  369549
  369564
  369568
  369575
  369579
  369585
  369587
  369589
  369591
  369625
  369653
  369657
  369663
  369695
  369706
  369715
  369725
  369751
  369761
  369771
  369782
  369796
  369804
  369814
  369837
  369841
  369851
  369855
  369857
  369859
  369867
  369873
  369879
  369893
  369895
  369943
  369969
  369973
  369985
  369989
  370028
  370033
  370041
  370044
  370064
  370093
  370105
  370111
  370131
  370137
  370141
  370155
  370163
  370235
  370256
  370264
  370267
  370363
  370389
  370416
  370421
  370428
  370447
  370451
  370516
  370518
  370536
  370586
  370591
  370610
  370638
  370656
  370656
  370670
  370675
  370684
  370715
  370768
  370799
  370804
  370811
  370820
  370824
  370844
  370845
  370956
  371040
  371097
  371122
  371241
  371359
  69248
